'R'
38
5.0  11.0  18.0  26.0  35.0  45.0  56.0  68.0  81.0  95.0  110.0  126.0  143.0  161.0  180.0  200.0  221.0  243.0  266.0  290.0  315.0  341.0  368.0  396.0  425.0  455.0  486.0  518.0  551.0  585.0  620.0  656.0  693.0  731.0  770.0  810.0  851.0  893.0  
96
5.0  11.0  18.0  26.0  35.0  45.0  56.0  68.0  81.0  95.0  110.0  126.0  143.0  161.0  180.0  200.0  221.0  243.0  266.0  290.0  315.0  341.0  368.0  396.0  425.0  455.0  486.0  518.0  551.0  585.0  620.0  656.0  693.0  731.0  770.0  810.0  851.0  893.0  936.0  980.0  1025.0  1071.0  1118.0  1166.0  1215.0  1265.0  1316.0  1368.0  1421.0  1475.0  1530.0  1586.0  1643.0  1701.0  1760.0  1820.0  1881.0  1943.0  2006.0  2070.0  2135.0  2201.0  2268.0  2336.0  2405.0  2475.0  2546.0  2618.0  2691.0  2765.0  2840.0  2916.0  2993.0  3071.0  3150.0  3230.0  3311.0  3393.0  3476.0  3560.0  3645.0  3731.0  3818.0  3906.0  3995.0  4085.0  4176.0  4268.0  4361.0  4455.0  4550.0  4646.0  4743.0  4841.0  4940.0  5040.0  
6.0  6.0  6.0  6.0  6.0  6.0  6.0  6.0  6.0  6.0  6.0  6.0  6.0  6.0  6.0  6.0  6.0  6.0  6.0  6.0  6.0  6.0  6.0  6.0  6.0  6.0  6.0  6.0  6.0  6.0  6.0  6.0  6.0  6.0  6.0  6.0  6.0  6.0  
6.0  6.0  6.0  12.0  10.0  7.5  10.5  7.0  9.0  11.25  6.875  8.25  9.75  11.375  6.562  7.5  8.5  9.562  10.687  11.875  6.562  7.218  7.906  8.625  9.375  10.156  10.968  11.812  12.687  6.796  7.265  7.75  8.25  8.765  9.296  9.843  10.406  10.984  
6.0  6.0  8.0  7.5  12.0  8.75  12.0  7.875  10.0  12.375  7.5  8.937  10.5  12.187  7.0  7.968  9.0  10.093  11.25  12.468  6.875  7.546  8.25  8.984  9.75  10.546  11.375  12.234  6.562  7.023  7.5  7.992  8.5  9.023  9.562  10.117  10.687  11.273  
6.0  12.0  7.5  6.75  10.5  7.5  10.125  6.562  8.25  10.125  12.187  7.218  8.437  9.75  11.156  12.656  7.125  7.968  8.859  9.796  10.781  11.812  12.89  7.007  7.593  8.203  8.835  9.492  10.171  10.875  11.601  12.351  6.562  6.96  7.371  7.792  8.226  8.671  
6.0  10.0  12.0  10.5  8.0  11.25  7.5  9.625  12.0  7.312  8.75  10.312  12.0  6.906  7.875  8.906  10.0  11.156  12.375  6.828  7.5  8.203  8.937  9.703  10.5  11.328  12.187  6.539  7.0  7.476  7.968  8.476  9.0  9.539  10.093  10.664  11.25  11.851  
6.0  7.5  8.75  7.5  11.25  7.812  10.312  6.562  8.125  9.843  11.718  6.875  7.968  9.14  10.39  11.718  6.562  7.304  8.085  8.906  9.765  10.664  11.601  12.578  6.796  7.324  7.871  8.437  9.023  9.628  10.253  10.898  11.562  12.246  12.949  6.835  7.207  7.587  
6.0  10.5  12.0  10.125  7.5  10.312  6.75  8.531  10.5  12.656  7.5  8.765  10.125  11.578  6.562  7.382  8.25  9.164  10.125  11.132  12.187  6.644  7.218  7.816  8.437  9.082  9.75  10.441  11.156  11.894  12.656  6.72  7.125  7.541  7.968  8.408  8.859  9.322  
6.0  7.0  7.875  6.562  9.625  6.562  8.531  10.718  6.562  7.875  9.296  10.828  12.468  7.109  8.039  9.023  10.062  11.156  12.304  6.753  7.382  8.039  8.722  9.433  10.171  10.937  11.73  12.55  6.699  7.136  7.587  8.052  8.531  9.023  9.529  10.048  10.582  11.128  
6.0  9.0  10.0  8.25  12.0  8.125  10.5  6.562  8.0  9.562  11.25  6.531  7.5  8.531  9.625  10.781  12.0  6.64  7.312  8.015  8.75  9.515  10.312  11.14  12.0  12.89  6.906  7.382  7.875  8.382  8.906  9.445  10.0  10.57  11.156  11.757  12.375  6.503  
6.0  11.25  12.375  10.125  7.312  9.843  12.656  7.875  9.562  11.39  6.679  7.734  8.859  10.054  11.32  12.656  7.031  7.769  8.542  9.351  10.195  11.074  11.988  12.937  6.96  7.47  7.998  8.542  9.105  9.685  10.283  10.898  11.531  12.181  12.849  6.767  7.119  7.479  
6.0  6.875  7.5  12.187  8.75  11.718  7.5  9.296  11.25  6.679  7.812  9.023  10.312  11.679  6.562  7.324  8.125  8.964  9.843  10.761  11.718  12.714  6.875  7.412  7.968  8.544  9.14  9.755  10.39  11.044  11.718  12.412  6.562  6.928  7.304  7.69  8.085  8.491  
6.0  8.25  8.937  7.218  10.312  6.875  8.765  10.828  6.531  7.734  9.023  10.398  11.859  6.703  7.519  8.378  9.281  10.226  11.214  12.246  6.66  7.218  7.798  8.4  9.023  9.667  10.333  11.021  11.73  12.46  6.606  6.993  7.39  7.798  8.217  8.647  9.087  9.539  
6.0  9.75  10.5  8.437  12.0  7.968  10.125  12.468  7.5  8.859  10.312  11.859  6.75  7.617  8.531  9.492  10.5  11.554  12.656  6.902  7.5  8.121  8.765  9.433  10.125  10.839  11.578  12.339  6.562  6.966  7.382  7.81  8.25  8.701  9.164  9.638  10.125  10.623  
6.0  11.375  12.187  9.75  6.906  9.14  11.578  7.109  8.531  10.054  11.679  6.703  7.617  8.582  9.597  10.664  11.781  12.949  7.083  7.718  8.378  9.064  9.775  10.511  11.273  12.06  12.873  6.855  7.287  7.731  8.188  8.658  9.14  9.635  10.143  10.664  11.197  11.743  
6.0  6.562  7.0  11.156  7.875  10.39  6.562  8.039  9.625  11.32  6.562  7.519  8.531  9.597  10.718  11.894  6.562  7.205  7.875  8.572  9.296  10.048  10.828  11.634  12.468  6.665  7.109  7.567  8.039  8.524  9.023  9.536  10.062  10.602  11.156  11.723  12.304  12.899  
6.0  7.5  7.968  12.656  8.906  11.718  7.382  9.023  10.781  12.656  7.324  8.378  9.492  10.664  11.894  6.591  7.265  7.968  8.701  9.462  10.253  11.074  11.923  12.802  6.855  7.324  7.807  8.305  8.818  9.345  9.887  10.444  11.015  11.601  12.202  12.817  6.723  7.045  
6.0  8.5  9.0  7.125  10.0  6.562  8.25  10.062  12.0  7.031  8.125  9.281  10.5  11.781  6.562  7.265  8.0  8.765  9.562  10.39  11.25  12.14  6.531  7.007  7.5  8.007  8.531  9.07  9.625  10.195  10.781  11.382  12.0  12.632  6.64  6.972  7.312  7.66  
6.0  9.562  10.093  7.968  11.156  7.304  9.164  11.156  6.64  7.769  8.964  10.226  11.554  12.949  7.205  7.968  8.765  9.595  10.458  11.355  12.285  6.624  7.122  7.636  8.167  8.715  9.28  9.861  10.458  11.073  11.704  12.351  6.507  6.848  7.196  7.553  7.918  8.292  
6.0  10.687  11.25  8.859  12.375  8.085  10.125  12.304  7.312  8.542  9.843  11.214  12.656  7.083  7.875  8.701  9.562  10.458  11.39  12.357  6.679  7.198  7.734  8.288  8.859  9.448  10.054  10.678  11.32  11.979  12.656  6.675  7.031  7.395  7.769  8.151  8.542  8.942  
6.0  11.875  12.468  9.796  6.828  8.906  11.132  6.753  8.015  9.351  10.761  12.246  6.902  7.718  8.572  9.462  10.39  11.355  12.357  6.698  7.236  7.792  8.368  8.961  9.574  10.205  10.854  11.522  12.208  12.914  6.818  7.189  7.57  7.959  8.358  8.767  9.184  9.611  
6.0  6.562  6.875  10.781  7.5  9.765  12.187  7.382  8.75  10.195  11.718  6.66  7.5  8.378  9.296  10.253  11.25  12.285  6.679  7.236  7.812  8.408  9.023  9.658  10.312  10.986  11.679  12.392  6.562  6.938  7.324  7.719  8.125  8.54  8.964  9.399  9.843  10.297  
6.0  7.218  7.546  11.812  8.203  10.664  6.644  8.039  9.515  11.074  12.714  7.218  8.121  9.064  10.048  11.074  12.14  6.624  7.198  7.792  8.408  9.043  9.7  10.376  11.074  11.791  12.53  6.644  7.034  7.434  7.844  8.264  8.695  9.136  9.587  10.048  10.52  11.002  
6.0  7.906  8.25  12.89  8.937  11.601  7.218  8.722  10.312  11.988  6.875  7.798  8.765  9.775  10.828  11.923  6.531  7.122  7.734  8.368  9.023  9.7  10.398  11.118  11.859  12.622  6.703  7.105  7.519  7.943  8.378  8.824  9.281  9.748  10.226  10.715  11.214  11.725  
6.0  8.625  8.984  7.007  9.703  12.578  7.816  9.433  11.14  12.937  7.412  8.4  9.433  10.511  11.634  12.802  7.007  7.636  8.288  8.961  9.658  10.376  11.118  11.881  12.667  6.738  7.153  7.58  8.018  8.467  8.928  9.399  9.882  10.376  10.882  11.398  11.926  12.465  
6.0  9.375  9.75  7.593  10.5  6.796  8.437  10.171  12.0  6.96  7.968  9.023  10.125  11.273  12.468  6.855  7.5  8.167  8.859  9.574  10.312  11.074  11.859  12.667  6.75  7.177  7.617  8.068  8.531  9.005  9.492  9.99  10.5  11.021  11.554  12.099  12.656  6.612  
6.0  10.156  10.546  8.203  11.328  7.324  9.082  10.937  12.89  7.47  8.544  9.667  10.839  12.06  6.665  7.324  8.007  8.715  9.448  10.205  10.986  11.791  12.622  6.738  7.177  7.629  8.093  8.569  9.057  9.558  10.07  10.595  11.132  11.682  12.243  12.817  6.701  7.0  
6.0  10.968  11.375  8.835  12.187  7.871  9.75  11.73  6.906  7.998  9.14  10.333  11.578  12.873  7.109  7.807  8.531  9.28  10.054  10.854  11.679  12.53  6.703  7.153  7.617  8.093  8.582  9.083  9.597  10.124  10.664  11.216  11.781  12.358  12.949  6.776  7.083  7.398  
6.0  11.812  12.234  9.492  6.539  8.437  10.441  12.55  7.382  8.542  9.755  11.021  12.339  6.855  7.567  8.305  9.07  9.861  10.678  11.522  12.392  6.644  7.105  7.58  8.068  8.569  9.083  9.61  10.151  10.705  11.271  11.852  12.445  6.525  6.835  7.152  7.475  7.804  
6.0  12.687  6.562  10.171  7.0  9.023  11.156  6.699  7.875  9.105  10.39  11.73  6.562  7.287  8.039  8.818  9.625  10.458  11.32  12.208  6.562  7.034  7.519  8.018  8.531  9.057  9.597  10.151  10.718  11.299  11.894  12.502  6.562  6.88  7.205  7.536  7.875  8.22  
6.0  6.796  7.023  10.875  7.476  9.628  11.894  7.136  8.382  9.685  11.044  12.46  6.966  7.731  8.524  9.345  10.195  11.073  11.979  12.914  6.938  7.434  7.943  8.467  9.005  9.558  10.124  10.705  11.299  11.908  12.531  6.584  6.91  7.242  7.582  7.929  8.283  8.644  
6.0  7.265  7.5  11.601  7.968  10.253  12.656  7.587  8.906  10.283  11.718  6.606  7.382  8.188  9.023  9.887  10.781  11.704  12.656  6.818  7.324  7.844  8.378  8.928  9.492  10.07  10.664  11.271  11.894  12.531  6.591  6.925  7.265  7.613  7.968  8.331  8.701  9.078  
6.0  7.75  7.992  12.351  8.476  10.898  6.72  8.052  9.445  10.898  12.412  6.993  7.81  8.658  9.536  10.444  11.382  12.351  6.675  7.189  7.719  8.264  8.824  9.399  9.99  10.595  11.216  11.852  12.502  6.584  6.925  7.273  7.628  7.992  8.363  8.741  9.127  9.52  
6.0  8.25  8.5  6.562  9.0  11.562  7.125  8.531  10.0  11.531  6.562  7.39  8.25  9.14  10.062  11.015  12.0  6.507  7.031  7.57  8.125  8.695  9.281  9.882  10.5  11.132  11.781  12.445  6.562  6.91  7.265  7.628  8.0  8.378  8.765  9.16  9.562  9.972  
6.0  8.765  9.023  6.96  9.539  12.246  7.541  9.023  10.57  12.181  6.928  7.798  8.701  9.635  10.602  11.601  12.632  6.848  7.395  7.959  8.54  9.136  9.748  10.376  11.021  11.682  12.358  6.525  6.88  7.242  7.613  7.992  8.378  8.773  9.176  9.587  10.006  10.433  
6.0  9.296  9.562  7.371  10.093  12.949  7.968  9.529  11.156  12.849  7.304  8.217  9.164  10.143  11.156  12.202  6.64  7.196  7.769  8.358  8.964  9.587  10.226  10.882  11.554  12.243  12.949  6.835  7.205  7.582  7.968  8.363  8.765  9.176  9.595  10.023  10.458  10.903  
6.0  9.843  10.117  7.792  10.664  6.835  8.408  10.048  11.757  6.767  7.69  8.647  9.638  10.664  11.723  12.817  6.972  7.553  8.151  8.767  9.399  10.048  10.715  11.398  12.099  12.817  6.776  7.152  7.536  7.929  8.331  8.741  9.16  9.587  10.023  10.467  10.92  11.381  
6.0  10.406  10.687  8.226  11.25  7.207  8.859  10.582  12.375  7.119  8.085  9.087  10.125  11.197  12.304  6.723  7.312  7.918  8.542  9.184  9.843  10.52  11.214  11.926  12.656  6.701  7.083  7.475  7.875  8.283  8.701  9.127  9.562  10.006  10.458  10.92  11.39  11.869  
6.0  10.984  11.273  8.671  11.851  7.587  9.322  11.128  6.503  7.479  8.491  9.539  10.623  11.743  12.899  7.045  7.66  8.292  8.942  9.611  10.297  11.002  11.725  12.465  6.612  7.0  7.398  7.804  8.22  8.644  9.078  9.52  9.972  10.433  10.903  11.381  11.869  12.366  
6.0  11.578  11.875  9.128  12.468  7.978  9.796  11.689  6.828  7.848  8.906  10.0  11.132  12.301  6.753  7.375  8.015  8.674  9.351  10.047  10.761  11.494  12.246  6.508  6.902  7.305  7.718  8.14  8.572  9.012  9.462  9.922  10.39  10.868  11.355  11.851  12.357  12.872  
6.0  12.187  12.492  9.597  6.55  8.378  10.283  12.263  7.16  8.226  9.331  10.473  11.654  12.873  7.064  7.712  8.378  9.064  9.769  10.492  11.235  11.997  12.777  6.788  7.198  7.617  8.045  8.483  8.931  9.388  9.854  10.33  10.816  11.311  11.816  12.33  12.854  6.693  
6.0  12.812  6.562  10.078  6.875  8.789  10.781  12.851  7.5  8.613  9.765  10.957  12.187  6.728  7.382  8.056  8.75  9.462  10.195  10.947  11.718  12.509  6.66  7.075  7.5  7.934  8.378  8.833  9.296  9.77  10.253  10.747  11.25  11.762  12.285  12.817  6.679  6.955  
6.0  6.726  6.886  10.57  7.207  9.208  11.291  6.726  7.847  9.008  10.209  11.451  12.732  7.026  7.707  8.408  9.128  9.869  10.63  11.411  12.211  6.516  6.936  7.367  7.807  8.258  8.718  9.188  9.669  10.159  10.66  11.17  11.691  12.221  12.762  6.656  6.936  7.222  
6.0  7.054  7.218  11.074  7.546  9.638  11.812  7.034  8.203  9.413  10.664  11.956  6.644  7.331  8.039  8.767  9.515  10.284  11.074  11.884  12.714  6.782  7.218  7.664  8.121  8.587  9.064  9.551  10.048  10.556  11.074  11.602  12.14  12.689  6.624  6.908  7.198  7.493  
6.0  7.39  7.558  11.589  7.894  10.078  12.345  7.348  8.566  9.826  11.127  12.471  6.928  7.642  8.377  9.133  9.91  10.708  11.526  12.366  6.613  7.054  7.506  7.968  8.44  8.923  9.416  9.92  10.435  10.959  11.495  12.041  12.597  6.582  6.87  7.164  7.464  7.768  
6.0  7.734  7.906  12.117  8.25  10.527  12.89  7.669  8.937  10.248  11.601  12.998  7.218  7.959  8.722  9.506  10.312  11.139  11.988  12.858  6.875  7.331  7.798  8.276  8.765  9.265  9.775  10.296  10.828  11.37  11.923  12.487  6.531  6.823  7.122  7.425  7.734  8.048  
6.0  8.085  8.261  12.656  8.613  10.986  6.723  7.998  9.316  10.678  12.084  6.767  7.514  8.283  9.074  9.887  10.722  11.579  12.458  6.679  7.141  7.613  8.096  8.591  9.096  9.613  10.14  10.678  11.228  11.788  12.359  12.941  6.767  7.069  7.377  7.69  8.009  8.333  
6.0  8.445  8.625  6.603  8.984  11.455  7.007  8.333  9.703  11.118  12.578  7.041  7.816  8.613  9.433  10.275  11.14  12.027  12.937  6.934  7.412  7.9  8.4  8.911  9.433  9.967  10.511  11.067  11.634  12.213  12.802  6.701  7.007  7.319  7.636  7.959  8.288  8.622  
6.0  8.812  8.996  6.884  9.363  11.933  7.297  8.674  10.097  11.566  6.54  7.32  8.124  8.95  9.799  10.671  11.566  12.484  6.712  7.194  7.687  8.192  8.709  9.237  9.776  10.327  10.889  11.463  12.048  12.645  6.626  6.936  7.251  7.573  7.9  8.233  8.571  8.915  
6.0  9.187  9.375  7.171  9.75  12.421  7.593  9.023  10.5  12.023  6.796  7.605  8.437  9.292  10.171  11.074  12.0  12.949  6.96  7.458  7.968  8.49  9.023  9.568  10.125  10.693  11.273  11.865  12.468  6.541  6.855  7.174  7.5  7.831  8.167  8.51  8.859  9.213  
6.0  9.57  9.761  7.464  10.144  12.919  7.895  9.378  10.91  12.489  7.058  7.895  8.756  9.642  10.551  11.484  12.441  6.711  7.213  7.728  8.254  8.792  9.343  9.905  10.479  11.065  11.663  12.273  12.895  6.765  7.088  7.416  7.751  8.092  8.439  8.792  9.151  9.516  
6.0  9.96  10.156  7.763  10.546  6.713  8.203  9.741  11.328  12.963  7.324  8.19  9.082  9.997  10.937  11.901  12.89  6.951  7.47  8.001  8.544  9.1  9.667  10.247  10.839  11.444  12.06  12.689  6.665  6.991  7.324  7.662  8.007  8.358  8.715  9.078  9.448  9.823  
6.0  10.359  10.558  8.068  10.957  6.972  8.516  10.11  11.753  6.723  7.595  8.491  9.413  10.359  11.33  12.326  6.673  7.196  7.732  8.28  8.84  9.413  9.998  10.595  11.206  11.828  12.463  6.555  6.885  7.221  7.564  7.912  8.267  8.628  8.995  9.369  9.749  10.135  
6.0  10.765  10.968  8.378  11.375  7.236  8.835  10.486  12.187  6.969  7.871  8.797  9.75  10.727  11.73  12.758  6.906  7.445  7.998  8.562  9.14  9.73  10.333  10.949  11.578  12.219  12.873  6.769  7.109  7.455  7.807  8.166  8.531  8.902  9.28  9.664  10.054  10.451  
6.0  11.179  11.386  8.695  11.8  7.504  9.161  10.869  12.628  7.22  8.151  9.109  10.092  11.102  12.137  6.599  7.142  7.698  8.268  8.85  9.445  10.053  10.675  11.309  11.956  12.615  6.644  6.987  7.336  7.692  8.054  8.423  8.798  9.18  9.568  9.963  10.364  10.772  
6.0  11.601  11.812  9.017  12.234  7.778  9.492  11.258  6.539  7.475  8.437  9.426  10.441  11.482  12.55  6.822  7.382  7.956  8.542  9.142  9.755  10.382  11.021  11.674  12.339  6.509  6.855  7.208  7.567  7.933  8.305  8.684  9.07  9.462  9.861  10.266  10.678  11.097  
6.0  12.031  12.246  9.345  12.675  8.056  9.829  11.655  6.767  7.734  8.728  9.748  10.795  11.87  12.971  7.049  7.626  8.217  8.822  9.439  10.07  10.715  11.373  12.044  12.729  6.713  7.069  7.432  7.801  8.177  8.56  8.949  9.345  9.748  10.158  10.574  10.997  11.427  
6.0  12.468  12.687  9.679  6.562  8.339  10.171  12.058  7.0  7.998  9.023  10.076  11.156  12.263  6.699  7.28  7.875  8.483  9.105  9.741  10.39  11.053  11.73  12.42  6.562  6.921  7.287  7.659  8.039  8.425  8.818  9.218  9.625  10.038  10.458  10.886  11.32  11.761  
6.0  12.914  6.568  10.019  6.791  8.627  10.52  12.468  7.236  8.266  9.323  10.409  11.522  12.663  6.916  7.514  8.126  8.753  9.393  10.047  10.715  11.397  12.093  12.802  6.763  7.131  7.507  7.89  8.28  8.676  9.08  9.49  9.908  10.332  10.764  11.202  11.647  12.099  
6.0  6.683  6.796  10.365  7.023  8.92  10.875  12.885  7.476  8.538  9.628  10.747  11.894  6.534  7.136  7.752  8.382  9.027  9.685  10.358  11.044  11.745  12.46  6.595  6.966  7.345  7.731  8.124  8.524  8.931  9.345  9.766  10.195  10.63  11.073  11.522  11.979  12.443  
6.0  6.914  7.029  10.716  7.259  9.218  11.235  6.654  7.72  8.815  9.938  11.091  12.272  6.741  7.36  7.994  8.642  9.305  9.982  10.673  11.379  12.099  12.834  6.791  7.173  7.562  7.958  8.361  8.772  9.189  9.614  10.046  10.486  10.932  11.386  11.847  12.315  12.791  
6.0  7.148  7.265  11.074  7.5  9.521  11.601  6.87  7.968  9.096  10.253  11.44  12.656  6.95  7.587  8.239  8.906  9.587  10.283  10.993  11.718  12.458  6.606  6.99  7.382  7.781  8.188  8.602  9.023  9.451  9.887  10.33  10.781  11.239  11.704  12.176  12.656  6.571  
6.0  7.386  7.505  11.437  7.744  9.829  11.973  7.088  8.22  9.382  10.573  11.794  6.522  7.163  7.818  8.488  9.173  9.873  10.588  11.318  12.062  12.822  6.798  7.193  7.595  8.004  8.421  8.846  9.278  9.717  10.164  10.618  11.08  11.549  12.025  12.509  6.5  6.75  
6.0  7.628  7.75  11.806  7.992  10.141  12.351  7.311  8.476  9.672  10.898  12.154  6.72  7.379  8.052  8.741  9.445  10.164  10.898  11.647  12.412  6.595  6.993  7.398  7.81  8.23  8.658  9.093  9.536  9.986  10.444  10.909  11.382  11.863  12.351  12.847  6.675  6.93  
6.0  7.875  7.998  12.181  8.244  10.458  12.735  7.536  8.736  9.966  11.228  12.52  6.921  7.598  8.29  8.997  9.72  10.458  11.212  11.981  12.766  6.782  7.19  7.605  8.028  8.459  8.897  9.343  9.797  10.259  10.728  11.204  11.689  12.181  12.681  6.594  6.852  7.113  
6.0  8.125  8.25  12.562  8.5  10.781  6.562  7.765  9.0  10.265  11.562  12.89  7.125  7.82  8.531  9.257  10.0  10.757  11.531  12.32  6.562  6.972  7.39  7.816  8.25  8.691  9.14  9.597  10.062  10.535  11.015  11.503  12.0  12.503  6.507  6.767  7.031  7.298  
6.0  8.378  8.505  12.949  8.759  11.108  6.76  7.998  9.267  10.568  11.901  6.633  7.331  8.045  8.775  9.521  10.283  11.06  11.854  12.663  6.744  7.164  7.593  8.029  8.474  8.926  9.386  9.854  10.33  10.814  11.306  11.806  12.314  12.83  6.676  6.942  7.212  7.486  
6.0  8.636  8.765  6.67  9.023  11.44  6.96  8.233  9.539  10.876  12.246  6.823  7.541  8.274  9.023  9.788  10.57  11.367  12.181  6.505  6.928  7.359  7.798  8.245  8.701  9.164  9.635  10.115  10.602  11.098  11.601  12.113  12.632  6.58  6.848  7.12  7.395  7.675  
6.0  8.898  9.029  6.87  9.291  11.777  7.164  8.473  9.814  11.188  12.595  7.017  7.753  8.505  9.274  10.059  10.861  11.679  12.513  6.682  7.115  7.557  8.006  8.464  8.931  9.405  9.888  10.378  10.877  11.384  11.9  12.423  12.955  6.747  7.021  7.299  7.581  7.867  
6.0  9.164  9.296  7.072  9.562  12.119  7.371  8.715  10.093  11.504  12.949  7.213  7.968  8.74  9.529  10.334  11.156  11.994  12.849  6.86  7.304  7.757  8.217  8.686  9.164  9.649  10.143  10.645  11.156  11.675  12.202  12.737  6.64  6.916  7.196  7.481  7.769  8.062  
6.0  9.433  9.568  7.277  9.837  12.465  7.58  8.961  10.376  11.825  6.654  7.412  8.187  8.978  9.787  10.612  11.455  12.314  6.595  7.041  7.496  7.959  8.431  8.911  9.399  9.896  10.402  10.916  11.438  11.968  12.507  6.527  6.805  7.087  7.374  7.664  7.959  8.258  
6.0  9.707  9.843  7.485  10.117  12.817  7.792  9.211  10.664  12.15  6.835  7.613  8.408  9.219  10.048  10.894  11.757  12.637  6.767  7.224  7.69  8.164  8.647  9.138  9.638  10.147  10.664  11.189  11.723  12.266  12.817  6.688  6.972  7.261  7.553  7.85  8.151  8.457  
6.0  9.984  10.123  7.696  10.4  6.586  8.008  9.464  10.955  12.48  7.02  7.817  8.632  9.464  10.313  11.18  12.064  12.965  6.942  7.41  7.886  8.372  8.866  9.369  9.88  10.4  10.929  11.466  12.012  12.567  6.565  6.851  7.141  7.436  7.735  8.038  8.346  8.658  
6.0  10.265  10.406  7.91  10.687  6.767  8.226  9.72  11.25  12.814  7.207  8.024  8.859  9.711  10.582  11.469  12.375  6.648  7.119  7.598  8.085  8.582  9.087  9.602  10.125  10.656  11.197  11.746  12.304  12.871  6.723  7.015  7.312  7.613  7.918  8.228  8.542  8.861  
6.0  10.55  10.693  8.126  10.978  6.95  8.447  9.98  11.548  6.576  7.396  8.233  9.089  9.962  10.853  11.762  12.689  6.817  7.298  7.788  8.287  8.795  9.312  9.837  10.372  10.916  11.468  12.03  12.6  6.589  6.883  7.182  7.485  7.792  8.104  8.421  8.741  9.067  
6.0  10.839  10.984  8.346  11.273  7.136  8.671  10.243  11.851  6.747  7.587  8.446  9.322  10.216  11.128  12.059  6.503  6.987  7.479  7.98  8.491  9.01  9.539  10.076  10.623  11.178  11.743  12.316  12.899  6.745  7.045  7.35  7.66  7.974  8.292  8.615  8.942  9.274  
6.0  11.132  11.279  8.569  11.572  7.324  8.898  10.51  12.158  6.921  7.781  8.66  9.558  10.473  11.407  12.359  6.665  7.159  7.662  8.175  8.697  9.228  9.768  10.317  10.876  11.444  12.02  12.606  6.6  6.903  7.209  7.521  7.836  8.157  8.482  8.811  9.146  9.484  
6.0  11.429  11.578  8.794  11.875  7.514  9.128  10.78  12.468  7.097  7.978  8.878  9.796  10.733  11.689  12.663  6.828  7.333  7.848  8.372  8.906  9.448  10.0  10.562  11.132  11.712  12.301  12.9  6.753  7.062  7.375  7.693  8.015  8.342  8.674  9.01  9.351  9.697  
6.0  11.73  11.88  9.023  12.181  7.707  9.361  11.053  12.783  7.275  8.177  9.098  10.038  10.997  11.974  12.971  6.993  7.51  8.036  8.572  9.117  9.671  10.235  10.809  11.392  11.984  12.585  6.598  6.908  7.223  7.543  7.867  8.196  8.529  8.868  9.211  9.559  9.911  
6.0  12.035  12.187  9.254  12.492  7.902  9.597  11.33  6.55  7.455  8.378  9.321  10.283  11.263  12.263  6.641  7.16  7.688  8.226  8.774  9.331  9.897  10.473  11.059  11.654  12.258  12.873  6.748  7.064  7.386  7.712  8.043  8.378  8.719  9.064  9.414  9.769  10.128  
6.0  12.343  12.498  9.489  12.806  8.1  9.836  11.61  6.711  7.637  8.582  9.547  10.53  11.533  12.555  6.798  7.329  7.869  8.418  8.978  9.547  10.125  10.713  11.311  11.919  12.536  6.581  6.899  7.223  7.55  7.883  8.221  8.563  8.91  9.262  9.619  9.981  10.347  
6.0  12.656  12.812  9.726  6.562  8.3  10.078  11.894  6.875  7.822  8.789  9.775  10.781  11.806  12.851  6.958  7.5  8.051  8.613  9.184  9.765  10.356  10.957  11.567  12.187  12.817  6.728  7.053  7.382  7.717  8.056  8.4  8.75  9.104  9.462  9.826  10.195  10.568  
6.0  12.972  6.565  9.966  6.723  8.503  10.322  12.181  7.04  8.009  8.997  10.006  11.034  12.082  6.575  7.119  7.672  8.236  8.809  9.393  9.986  10.589  11.202  11.825  12.458  6.55  6.876  7.208  7.544  7.885  8.231  8.582  8.938  9.299  9.665  10.036  10.411  10.792  
6.0  6.646  6.726  10.209  6.886  8.708  10.57  12.472  7.207  8.197  9.208  10.239  11.291  12.362  6.726  7.282  7.847  8.423  9.008  9.604  10.209  10.825  11.451  12.086  12.732  6.694  7.026  7.364  7.707  8.055  8.408  8.766  9.128  9.496  9.869  10.247  10.63  11.018  
6.0  6.808  6.889  10.456  7.051  8.916  10.82  12.766  7.375  8.389  9.422  10.476  11.55  12.644  6.879  7.446  8.024  8.612  9.209  9.817  10.435  11.063  11.702  12.35  6.504  6.838  7.178  7.522  7.872  8.227  8.586  8.951  9.321  9.696  10.076  10.461  10.851  11.246  
6.0  6.972  7.054  10.705  7.218  9.125  11.074  6.531  7.546  8.582  9.638  10.715  11.812  12.93  7.034  7.613  8.203  8.802  9.413  10.033  10.664  11.304  11.956  12.617  6.644  6.985  7.331  7.682  8.039  8.4  8.767  9.138  9.515  9.897  10.284  10.676  11.074  11.476  
6.0  7.138  7.221  10.957  7.387  9.338  11.33  6.682  7.719  8.778  9.857  10.957  12.077  6.609  7.19  7.781  8.383  8.995  9.618  10.251  10.894  11.548  12.212  12.886  6.785  7.133  7.486  7.844  8.207  8.575  8.949  9.328  9.711  10.101  10.495  10.894  11.299  11.709  
6.0  7.306  7.39  11.211  7.558  9.553  11.589  6.834  7.894  8.975  10.078  11.201  12.345  6.755  7.348  7.952  8.566  9.191  9.826  10.471  11.127  11.794  12.471  6.579  6.928  7.283  7.642  8.007  8.377  8.752  9.133  9.519  9.91  10.306  10.708  11.114  11.526  11.944  
6.0  7.476  7.561  11.469  7.731  9.77  11.852  6.988  8.071  9.175  10.301  11.448  12.616  6.903  7.508  8.124  8.75  9.388  10.036  10.694  11.363  12.043  12.733  6.717  7.072  7.434  7.8  8.172  8.549  8.931  9.319  9.712  10.11  10.513  10.922  11.336  11.756  12.181  
6.0  7.648  7.734  11.73  7.906  9.99  12.117  7.143  8.25  9.377  10.527  11.698  12.89  7.052  7.669  8.298  8.937  9.587  10.248  10.919  11.601  12.294  12.998  6.856  7.218  7.586  7.959  8.338  8.722  9.112  9.506  9.906  10.312  10.723  11.139  11.561  11.988  12.42  
6.0  7.822  7.909  11.994  8.083  10.212  12.385  7.3  8.43  9.582  10.755  11.95  6.583  7.203  7.833  8.474  9.125  9.788  10.462  11.146  11.842  12.548  6.632  6.996  7.365  7.74  8.121  8.506  8.897  9.294  9.696  10.103  10.516  10.934  11.358  11.787  12.222  12.662  
6.0  7.998  8.085  12.26  8.261  10.437  12.656  7.459  8.613  9.788  10.986  12.205  6.723  7.355  7.998  8.651  9.316  9.992  10.678  11.376  12.084  12.804  6.767  7.138  7.514  7.896  8.283  8.676  9.074  9.478  9.887  10.302  10.722  11.148  11.579  12.016  12.458  12.906  
6.0  8.175  8.264  12.53  8.442  10.664  12.93  7.62  8.797  9.997  11.219  12.463  6.864  7.509  8.164  8.831  9.508  10.197  10.897  11.608  12.33  6.531  6.903  7.281  7.664  8.053  8.447  8.847  9.253  9.664  10.08  10.502  10.93  11.363  11.802  12.247  12.696  6.576  
6.0  8.355  8.445  12.802  8.625  10.893  6.603  7.782  8.984  10.208  11.455  12.724  7.007  7.664  8.333  9.012  9.703  10.405  11.118  11.842  12.578  6.662  7.041  7.426  7.816  8.212  8.613  9.02  9.433  9.851  10.275  10.705  11.14  11.581  12.027  12.479  12.937  6.7  
6.0  8.537  8.627  6.539  8.809  11.125  6.743  7.946  9.172  10.421  11.693  12.987  7.152  7.821  8.503  9.195  9.899  10.614  11.341  12.079  12.828  6.794  7.18  7.572  7.969  8.372  8.781  9.195  9.615  10.041  10.472  10.909  11.352  11.8  12.255  12.714  6.59  6.825  
6.0  8.72  8.812  6.678  8.996  11.359  6.884  8.112  9.363  10.636  11.933  6.626  7.297  7.98  8.674  9.38  10.097  10.826  11.566  12.317  6.54  6.927  7.32  7.719  8.124  8.534  8.95  9.371  9.799  10.232  10.671  11.116  11.566  12.022  12.484  12.951  6.712  6.952  
6.0  8.906  8.999  6.818  9.184  11.596  7.027  8.28  9.555  10.854  12.176  6.76  7.445  8.14  8.848  9.567  10.297  11.04  11.793  12.559  6.668  7.062  7.462  7.868  8.28  8.697  9.12  9.549  9.984  10.425  10.871  11.324  11.782  12.246  12.715  6.595  6.836  7.079  

